Resultado da Simulação

Arquivo de Entrada: entrada_Ex_Portico.txt


------------------ Resultados Nodais ------------------
|   Nó|              u|              v|          theta|
-------------------------------------------------------
|    1|            0.0|           -0.0|            0.0|
|    2|            0.0|       0.002202|          9e-06|
|    3|            0.0|       0.008245|        1.5e-05|
|    4|            0.0|       0.017054|          2e-05|
|    5|            0.0|       0.027236|        2.1e-05|
|    6|            0.0|       0.037092|        1.8e-05|
|    7|            0.0|       0.044604|        1.1e-05|
|    8|            0.0|       0.047448|         -1e-06|
|    9|            0.0|       0.042982|       -1.8e-05|
|   10|            0.0|       0.028254|       -4.2e-05|
|   11|            0.0|            0.0|       -7.2e-05|
|   12|            0.0|      -0.043683|      -0.000102|
|   13|            0.0|      -0.101329|      -0.000128|
|   14|            0.0|      -0.171387|      -0.000151|
|   15|            0.0|      -0.252306|      -0.000172|
|   16|            0.0|      -0.342534|      -0.000189|
|   17|            0.0|       -0.44052|      -0.000203|
|   18|            0.0|      -0.544711|      -0.000214|
|   19|            0.0|      -0.653557|      -0.000221|
|   20|            0.0|      -0.765507|      -0.000226|
|   21|            0.0|      -0.879007|      -0.000228|
-------------------------------------------------------


------------------------------------------------------ Resultados por Elemento ------------------------------------------------------
| Elemento|  Nó Inicial|    Força Axial|   Cisalhamento| Momento Fletor|    Nó Final|    Força Axial|   Cisalhamento| Momento Fletor|
-------------------------------------------------------------------------------------------------------------------------------------
|        1|           1|            0.0|       -1223.63|    3726882.971|           2|            0.0|       -1223.63|     3115068.08|
|        2|           2|            0.0|       -1723.63|     3115068.08|           3|            0.0|       -1723.63|    2253253.188|
|        3|           3|            0.0|       -2223.63|    2253253.188|           4|            0.0|       -2223.63|    1141438.297|
|        4|           4|            0.0|       -2723.63|    1141438.297|           5|            0.0|       -2723.63|    -220376.594|
|        5|           5|            0.0|       -3223.63|    -220376.594|           6|            0.0|       -3223.63|   -1832191.486|
|        6|           6|            0.0|       -3723.63|   -1832191.486|           7|            0.0|       -3723.63|   -3694006.377|
|        7|           7|            0.0|       -4223.63|   -3694006.377|           8|            0.0|       -4223.63|   -5805821.269|
|        8|           8|            0.0|       -4723.63|   -5805821.269|           9|            0.0|       -4723.63|    -8167636.16|
|        9|           9|            0.0|       -5223.63|    -8167636.16|          10|            0.0|       -5223.63|  -10779451.051|
|       10|          10|            0.0|       -5723.63|  -10779451.051|          11|            0.0|       -5723.63|  -13641265.943|
|       11|          11|            0.0|        2482.42|  -12412099.276|          12|            0.0|        2482.42|  -11170889.348|
|       12|          12|            0.0|        2482.42|  -11170889.348|          13|            0.0|        2482.42|   -9929679.421|
|       13|          13|            0.0|        2482.42|   -9929679.421|          14|            0.0|        2482.42|   -8688469.493|
|       14|          14|            0.0|        2482.42|   -8688469.493|          15|            0.0|        2482.42|   -7447259.566|
|       15|          15|            0.0|        2482.42|   -7447259.566|          16|            0.0|        2482.42|   -6206049.638|
|       16|          16|            0.0|        2482.42|   -6206049.638|          17|            0.0|        2482.42|    -4964839.71|
|       17|          17|            0.0|        2482.42|    -4964839.71|          18|            0.0|        2482.42|   -3723629.783|
|       18|          18|            0.0|        2482.42|   -3723629.783|          19|            0.0|        2482.42|   -2482419.855|
|       19|          19|            0.0|        2482.42|   -2482419.855|          20|            0.0|        2482.42|   -1241209.928|
|       20|          20|            0.0|        2482.42|   -1241209.928|          21|            0.0|        2482.42|            0.0|
-------------------------------------------------------------------------------------------------------------------------------------


------ Forças de Reação ------
|   Nó|   GDL|          Value|
------------------------------
|    1|     1|            0.0|
|    1|     2|      -973.6298|
|    1|     3|  -3706049.6379|
|   11|     2|      8456.0496|
------------------------------
